#format: frame checksums
#version: 2
#hash: MD5
#software: Lavf58.45.100
#tb 0: 1/24
#media_type 0: video
#codec_id 0: rawvideo
#dimensions 0: 1344x768
#sar 0: 0/1
#stream#, dts,        pts, duration,     size, hash
0,          0,          0,        1,  1548288, 8bcdcd75c683f1291f50a5eea7e21b8e
0,          1,          1,        1,  1548288, 43dc5bd75be486b403041d199c62f20b
0,          2,          2,        1,  1548288, 3a00855d6d3e9603ff6f61b785d83f0b
0,          3,          3,        1,  1548288, ec46cd8e22b865d194dfeb87eec6cfe7
0,          4,          4,        1,  1548288, da9a4bc2d44888c58f65d178162f96e0
0,          5,          5,        1,  1548288, f957f180e98f8f0ea6bb92ef1b2762ad
0,          6,          6,        1,  1548288, d73c3a5d2459dad9a4882976f35a9564
0,          7,          7,        1,  1548288, df35e201ad44582bada7ede84053f9c7
0,          8,          8,        1,  1548288, 9e2afb0093b1275c3695308a13d73261
0,          9,          9,        1,  1548288, 632e392f8b08402202b3a5ed23ae2276
0,         10,         10,        1,  1548288, 81143c268f188a85916a6e619eb81cec
0,         11,         11,        1,  1548288, d14ca00303236b8de245e3c7f63848e7
0,         12,         12,        1,  1548288, 921ad0e46f3f18f2225ac135cc936e22
0,         13,         13,        1,  1548288, 948b2f19b0088bc4be1854866da05d5c
0,         14,         14,        1,  1548288, 4979e3fe4546b788865acaaa458ce8fb
0,         15,         15,        1,  1548288, 1016e2f2ee65e61f2b5be5038049a685
0,         16,         16,        1,  1548288, fed725c62c50a2ca90c49bf7f92cb856
0,         17,         17,        1,  1548288, b8903c330aa5d4c36b5d5c98e6387786
0,         18,         18,        1,  1548288, 2be0c0a73a92118fa573b4052b7528cf
0,         19,         19,        1,  1548288, 27ae4257be755c1962faaccbc4823bbb
0,         20,         20,        1,  1548288, 85037e0d7a378aca23d311dae8eb76a4
0,         21,         21,        1,  1548288, 4030c7735aa906643d040d9a79dc15c0
0,         22,         22,        1,  1548288, 011074a64ea1ccd6ec9bdecfb43aafb4
0,         23,         23,        1,  1548288, 3a2174d44c55ce20d27253f55d6b08a1
0,         24,         24,        1,  1548288, d226c252b3d8936c7c9f096826937e56
0,         25,         25,        1,  1548288, 8dbbb13358e5abddf5126f02fb9604e5
0,         26,         26,        1,  1548288, 46ad3c7e012521c2686c35e5ee7b0832
0,         27,         27,        1,  1548288, 3c15a603eb12dda14b6ac02393e9b8b4
0,         28,         28,        1,  1548288, c34dc5d9f572e7f8463c6e7e58ddafc7
0,         29,         29,        1,  1548288, 65ca78737f459183b045af1a9e92a077
0,         30,         30,        1,  1548288, 80cf3dc52d7d294f03f1fabb1296841d
0,         31,         31,        1,  1548288, 706557118aab41c837df5c1fc3dd6d6e
0,         32,         32,        1,  1548288, 1f21cd1cccf592cd8b9ff123fb16a15f
0,         33,         33,        1,  1548288, cf98e8cc49e6e8966f49b3f499403c79
0,         34,         34,        1,  1548288, f92530a3d10302f44b614b458c0d804c
0,         35,         35,        1,  1548288, b94bb356765840700c572ffb9ca0762b
0,         36,         36,        1,  1548288, 6e852c9abfab59a9c159e8312e93b0b2
0,         37,         37,        1,  1548288, 0403ea9aa9a1752ad2b8c09575ac074f
0,         38,         38,        1,  1548288, 2ef33ad1dfe499a489019c71f1edfeb1
0,         39,         39,        1,  1548288, 196441008280dc12f6e738c916c073ee
0,         40,         40,        1,  1548288, bf8892860a1bcfb4823ecdff15211c6b
0,         41,         41,        1,  1548288, cb0484772e424a7f6d4cbb6628d52b25
0,         42,         42,        1,  1548288, 50ca1400917a52c8ade56fac1b0fb804
0,         43,         43,        1,  1548288, 4b06d8dc4d658f3172592b926b66af49
0,         44,         44,        1,  1548288, 3c58afbf49cc7c21bf0c788c33c1a6b9
0,         45,         45,        1,  1548288, 46703cc01528ea87a099fb11e5c528b1
0,         46,         46,        1,  1548288, 167945a5a3fbaab7160d6d323e544777
0,         47,         47,        1,  1548288, 7ecf22ad99129728beb37848c69f6254
0,         48,         48,        1,  1548288, f69de55a6c4ab7bd650a363f4c4c9941
0,         49,         49,        1,  1548288, 1dff225e99e390d2a4e1ee6f737b97ca
0,         50,         50,        1,  1548288, 30ae9a22e1f9e29c0c358e927f2f2370
0,         51,         51,        1,  1548288, 10bf6c787192a2e017ffb2b1afa012b1
0,         52,         52,        1,  1548288, 358407cf4eb847daa3f94006900fb389
0,         53,         53,        1,  1548288, 6809af0d993dd8a026a45666dcbf8d37
0,         54,         54,        1,  1548288, a1e9ea25475406ecacdc08ea0e9a72fb
0,         55,         55,        1,  1548288, 736914b728c4127dbaff2d422f0e5a41
0,         56,         56,        1,  1548288, cf36ad6e4ff1c68218b17e748fc0f251
0,         57,         57,        1,  1548288, 9ccf3eb998715ef9141ee4d27a5664a9
0,         58,         58,        1,  1548288, c07bfe2454efd46cd58b8e4ab1bf565b
0,         59,         59,        1,  1548288, b1356b0e78b176291a7164d8c9844940
0,         60,         60,        1,  1548288, 8f5c3a40e99a0178c89dd31fdbc003a8
0,         61,         61,        1,  1548288, 3dfb0a06d27def1cbc8fcaf6b658c2c6
0,         62,         62,        1,  1548288, 5b55071e4f640524d31a08c3be39839f
0,         63,         63,        1,  1548288, c8bfc388efc435c7f73ebbb69b6276f0
0,         64,         64,        1,  1548288, 2d4aa0341cb4e2e248f9ad83cf18df80
0,         65,         65,        1,  1548288, 8c92e8260d597372b6c1159729ac8995
0,         66,         66,        1,  1548288, 3a41f6513d436f3dd6b423f01123e5ee
0,         67,         67,        1,  1548288, 7401c62163e07ecfd47fc0716ad1f9d6
0,         68,         68,        1,  1548288, 2d7872bd19c7748c64bb35bc7c4373a7
0,         69,         69,        1,  1548288, dc4faba456f5a3c0ac61e921c8d18693
0,         70,         70,        1,  1548288, 575a0b1b061f4a3fadc887a8e52b30ba
0,         71,         71,        1,  1548288, ccb52d6ba8f5acdfd327f5494a8e7703
0,         72,         72,        1,  1548288, 1c1e84d0097be9b68182a93bb6341e89
0,         73,         73,        1,  1548288, ca4b495ddb81b8d0eea7bdbbc4a669d4
0,         74,         74,        1,  1548288, 965808a0ca9eb49c4785ec61f838e0ba
0,         75,         75,        1,  1548288, fb89187f54c111548580c60aa0ee0633
0,         76,         76,        1,  1548288, 25afcdcca263192f31bed8b571c600fc
0,         77,         77,        1,  1548288, 08aaa0a1cb9e62fbe7f50ee0248a6218
0,         78,         78,        1,  1548288, dd88dafe8dea6d79a9fbe5d58caaf12b
0,         79,         79,        1,  1548288, d90431877dde6abc32e74914d3a5f465
0,         80,         80,        1,  1548288, 9c274adf36ee967a86df04d2d76729ce
0,         81,         81,        1,  1548288, 3519222c700a5e7abdc69bd2b7055216
0,         82,         82,        1,  1548288, 395fc7a25fe33773b19337c6dba95b9c
0,         83,         83,        1,  1548288, 891f26a0802b2daeca274056d01e92bd
0,         84,         84,        1,  1548288, 2fee3c715b325b9be42a160ed5133dc3
0,         85,         85,        1,  1548288, e6d9b6fa173036fc5bb754d555675679
0,         86,         86,        1,  1548288, 657c03b16d8c65aa4ece04eb858082de
0,         87,         87,        1,  1548288, f47555404358c174200366d49012a0b9
0,         88,         88,        1,  1548288, 65eda03a2c7952c176e18ec3acc56b40
0,         89,         89,        1,  1548288, 65d6e36e5dab8126b0df4fb3aa7d0b5c
0,         90,         90,        1,  1548288, 512b8666a43118cedafe8589ea276342
0,         91,         91,        1,  1548288, 77dfcb09fb313e807020e43eb997b05e
0,         92,         92,        1,  1548288, fbfbe02dbf45a1510f860dffcbf9ce20
0,         93,         93,        1,  1548288, 05b76236b518db04c0a21901ef4321c2
0,         94,         94,        1,  1548288, c8033c8fa4280e9dc5aa14b1e140d04e
0,         95,         95,        1,  1548288, 82ce119a5907c8258c4b403f96a32269
0,         96,         96,        1,  1548288, 893b997d8fa2d3e6835581cee6d94e60
0,         97,         97,        1,  1548288, ca3856ae13d3ae1a69d608520b6e4685
0,         98,         98,        1,  1548288, 62381a9c6b91554ca4c5aadd1b876d1a
0,         99,         99,        1,  1548288, 352227f590679bca4283d85a1a099082
0,        100,        100,        1,  1548288, 60f052134ae656034082bf3896813310
0,        101,        101,        1,  1548288, 201fc846a3fd540f5febc3b54c4c2175
0,        102,        102,        1,  1548288, 28ef563d046ec2e896c34d9af4419991
0,        103,        103,        1,  1548288, 8fc0f5c0bc5ba8f36d557393a2e5fcee
0,        104,        104,        1,  1548288, be8df0be7292950e975436a37aa7b8c6
0,        105,        105,        1,  1548288, 17948912a2a423f2ee67c656b50d1dd1
0,        106,        106,        1,  1548288, 512f564724c8d9f25737a1e20d6d10f8
0,        107,        107,        1,  1548288, de9394c508cb08aa7c02838009469e37
0,        108,        108,        1,  1548288, 3d715e0d9e83e6edfc134183adc2a59c
0,        109,        109,        1,  1548288, 66f282083f058183a6e1de7b77bf0df7
0,        110,        110,        1,  1548288, 3e81cd544e18724885ad46388440fdb8
0,        111,        111,        1,  1548288, 51d82e27d0d1c5dc9d1ebb62cb44e383
0,        112,        112,        1,  1548288, e7cf0ea632178dfe09286fa1710df288
0,        113,        113,        1,  1548288, 3289b023875aa073f5c0030c186a4dc4
0,        114,        114,        1,  1548288, fa5b08713f721003dcedade61b1084d4
0,        115,        115,        1,  1548288, b05addc5274c53690316ff6130c86ddc
0,        116,        116,        1,  1548288, c3ce2ebed2909adb5566f9a736726de9
0,        117,        117,        1,  1548288, e387d1b732a59eda8bcaed0f577a5ecd
0,        118,        118,        1,  1548288, 15d45b668c464b3c24387a809e69536f
0,        119,        119,        1,  1548288, f84b2f458fa2af08dbad3907aa395129
0,        120,        120,        1,  1548288, 3e51fa424a7d37e86128e6bd83b4633e
0,        121,        121,        1,  1548288, 0b1baaa792e0de5e4dddbc5d7c1a2143
0,        122,        122,        1,  1548288, e2104e773c6ded2d1ef86d6de89ba4b4
0,        123,        123,        1,  1548288, cf3091c5e3f855f0004d4bd1dd051748
