#format: frame checksums
#version: 2
#hash: MD5
#software: Lavf58.45.100
#tb 0: 1/24
#media_type 0: video
#codec_id 0: rawvideo
#dimensions 0: 1344x768
#sar 0: 0/1
#stream#, dts,        pts, duration,     size, hash
0,          0,          0,        1,  1548288, 0e8846f6f7b9b15f64783c2487f3bd3c
0,          1,          1,        1,  1548288, 04e2b8ecf55a8a8abfaa652da172810e
0,          2,          2,        1,  1548288, b588532898240462d3f60d44d9c15e73
0,          3,          3,        1,  1548288, 1c238842d4d6e7d80bdbd4b5633fc721
0,          4,          4,        1,  1548288, d80c1c0d5f7bfce57b41952da6733096
0,          5,          5,        1,  1548288, 1eda9629307408d3417acd07d8eb906d
0,          6,          6,        1,  1548288, 4aba07b06ada878dd5b47f55001bbd8d
0,          7,          7,        1,  1548288, 8a538d633ad64b27ed564c810ba8a89a
0,          8,          8,        1,  1548288, 0556900b5419e660c04132a0e8c05880
0,          9,          9,        1,  1548288, cba193730cea7b7e3406c98cc63f7040
0,         10,         10,        1,  1548288, 9eff220154070ef5cc5ef0c13c822e26
0,         11,         11,        1,  1548288, 5bec7bb1713bc72bf26f10041bf3c999
0,         12,         12,        1,  1548288, 960c0ec09e27e3732e092c7ecb521456
0,         13,         13,        1,  1548288, 0a5e6a47ac8e787e211b35764699a278
0,         14,         14,        1,  1548288, ad304cde04c891ab7387dd11a71306b4
0,         15,         15,        1,  1548288, 05b9b16648975477837bdcb2db3b0d43
0,         16,         16,        1,  1548288, c64d9a9494192c9c63a5aac8a88aa25e
0,         17,         17,        1,  1548288, b29ddfe60dc08cd8e87cce0501db6b81
0,         18,         18,        1,  1548288, 99416949eac5edacf904f44727e4bde0
0,         19,         19,        1,  1548288, ca6b80e65fc5b5dcffc4f3736c5c718a
0,         20,         20,        1,  1548288, 04238080f3d6a154078c83eb77540369
0,         21,         21,        1,  1548288, 8bdd4d60cab1b1adbc0bae4347fcab34
0,         22,         22,        1,  1548288, 968ed838e573651a5e2c208fcdef8332
0,         23,         23,        1,  1548288, 202bc0e333fa3eef34c0f2233f7cdc64
0,         24,         24,        1,  1548288, e75b5d5a700899d479cebe7e69ea6a40
0,         25,         25,        1,  1548288, a8bfe96a70e3e20926a89e741abf79f0
0,         26,         26,        1,  1548288, 22d1a6d5cef091b7533634c67fecabaa
0,         27,         27,        1,  1548288, 93ea16954ba8a9cf16ac5fee04bfbcd2
0,         28,         28,        1,  1548288, 4ad52ff4e939b16f03ccb81b99f1524b
0,         29,         29,        1,  1548288, 95cf048c9d58fd609248bf16871264b5
0,         30,         30,        1,  1548288, 743e9cc5963debf3e87f5dcf521d1877
0,         31,         31,        1,  1548288, 9de0e58b5e1562c50696968b0b953207
0,         32,         32,        1,  1548288, 6995ca194a913923ef26e3db3811f04c
0,         33,         33,        1,  1548288, da7e9558b4ee02fa865dc7102aab51b6
0,         34,         34,        1,  1548288, 80e8ad09168ea93d1aa8067efa08e486
0,         35,         35,        1,  1548288, 76ead06f0c8b8bf6e1744cc3a04da8a3
0,         36,         36,        1,  1548288, 296663cb65548153a9260b1eeaac587c
0,         37,         37,        1,  1548288, c49aa0990686211bace63fdd797a71e3
0,         38,         38,        1,  1548288, 6512a7f56d100c3385e09814f77b49af
0,         39,         39,        1,  1548288, 62d4cc575c0936796c19b045894ee3b4
0,         40,         40,        1,  1548288, 02ec94ac3ced6ffdbea630a5ea05bb59
0,         41,         41,        1,  1548288, 829028f13c716841f0bac58f8ac3893a
0,         42,         42,        1,  1548288, 5c7ff678a44e1791f765023e9eddbe06
0,         43,         43,        1,  1548288, fd1616c6460a9965e4242b2c58000262
0,         44,         44,        1,  1548288, 5b14c21f1784a61feca08f685517d9e5
0,         45,         45,        1,  1548288, d0bf1d162ccb7fce9ce6034af88f455e
0,         46,         46,        1,  1548288, ea366b0567764b54071db88633db5c22
0,         47,         47,        1,  1548288, 7436d47e4b4f4d8e0aaa03147c1dc2b9
0,         48,         48,        1,  1548288, c4c4f26a0a6c4367d1350b353292e8a4
0,         49,         49,        1,  1548288, bc8519c067a48fa9a9cb33c3bf0f8f5c
0,         50,         50,        1,  1548288, 6a9753c5f330f6edc4bb58e9ed8b4908
0,         51,         51,        1,  1548288, 3424822f800e9fb348d22f87422476af
0,         52,         52,        1,  1548288, 0235fbeb787e2a17abffe5f07d6b7535
0,         53,         53,        1,  1548288, 669024cde4bac671c8870526394e089e
0,         54,         54,        1,  1548288, 0d669652ca167cf284b0ebcb8ea25a08
0,         55,         55,        1,  1548288, 7d55751234c5476df5cf8940551b4020
0,         56,         56,        1,  1548288, e512c4afea2ba50e0c4e8b47a905032f
0,         57,         57,        1,  1548288, 12d0095fadbf005052f814cc823f0f8b
0,         58,         58,        1,  1548288, 605f3337e425d5a837c6b538eb1c9746
0,         59,         59,        1,  1548288, a9ccb626d1b1371eedae2587d88c611a
0,         60,         60,        1,  1548288, 309ec599bd540ad8c908b27f4b72dadf
0,         61,         61,        1,  1548288, cd23ae41f8af62297f9bcb6f2c0a676d
0,         62,         62,        1,  1548288, f7063cb08300e5efaa6301e968ccd1fc
0,         63,         63,        1,  1548288, cc472fda83977114f0d6f6fa6eca5251
0,         64,         64,        1,  1548288, f1cf884261b0b8b348c376eaeff2e2cd
0,         65,         65,        1,  1548288, 1126f9750dac3b19123e549772696f62
0,         66,         66,        1,  1548288, c8dc079b2f510b5c0cfd10893b86f98f
0,         67,         67,        1,  1548288, 8c0a929bf621bae8b5a5d85fa9808dc8
0,         68,         68,        1,  1548288, 96bac9f701e2647c8950aa203834be46
0,         69,         69,        1,  1548288, 6969c7e4c5d1a6b5a00903699f08a2c2
0,         70,         70,        1,  1548288, fc5024d1f27ecd2e9ebc70ac8019f4c1
0,         71,         71,        1,  1548288, d6b0de8f7e7c71332e8f821ff4e10f7d
0,         72,         72,        1,  1548288, 3986201a24b07ce7d27eca4ce52d021e
0,         73,         73,        1,  1548288, 2455101e0f2e24a3d9f4824fb7e920a4
0,         74,         74,        1,  1548288, 05febfaaca3a5c55049fed4f0d67ec2f
0,         75,         75,        1,  1548288, cbe1868f5a17e56fd8dad02c32502272
0,         76,         76,        1,  1548288, add420b6cec5c754eac1ca42f4c10500
0,         77,         77,        1,  1548288, ec51ad7d30d4ce62acc98dfdd5d4db85
0,         78,         78,        1,  1548288, 32277f1da549e36961f13178f3fd4855
0,         79,         79,        1,  1548288, 9156a3b98965f0c5c3ca526018effff6
0,         80,         80,        1,  1548288, 6c47f8b7d3e982d5a7c1ee6a3d29c546
0,         81,         81,        1,  1548288, 82379818fb5f77fcb1271784f255295d
0,         82,         82,        1,  1548288, 02b6e60cd91319d85e3054f5174da215
0,         83,         83,        1,  1548288, dd70df2286fc665338418174f63d591e
0,         84,         84,        1,  1548288, 7b283735a3a465ea6e0cd8bcc9582782
0,         85,         85,        1,  1548288, 40c4e7b354428595eb3641785af10adf
0,         86,         86,        1,  1548288, 643f12d9432e0adcbea907a02a0f3f0e
0,         87,         87,        1,  1548288, b6490ab710caaa19cb577325729135d8
0,         88,         88,        1,  1548288, 0defbf0055419ddb2e9b6abdd417a6d0
0,         89,         89,        1,  1548288, bc3e1789b879d7c872a87a1aa4ecceb8
0,         90,         90,        1,  1548288, 2d5e62e64cc1b2e11da53e5326fb9acf
0,         91,         91,        1,  1548288, 2d3a7fdf27050d60f67ca841e1321630
0,         92,         92,        1,  1548288, 45f7720bea1b72ba486fda6e6b64f7ec
0,         93,         93,        1,  1548288, 3640b90d8b047f907c026fcdfae468f1
0,         94,         94,        1,  1548288, 90afd84202663cb2dd9faa28e2eba011
0,         95,         95,        1,  1548288, b44e2b09be4ed5000f689e749a69da44
0,         96,         96,        1,  1548288, 84efec4b458d540be1c5553dc078bd7d
0,         97,         97,        1,  1548288, 4cc6902a3a5fa6acc999fe66ac5c0499
0,         98,         98,        1,  1548288, be9271334273bf6f44ccee70f4aff827
0,         99,         99,        1,  1548288, 23a1aaf0035ac45321d8707003ea264e
0,        100,        100,        1,  1548288, 6abf83c83bba09b7edcae37a5eab4ec4
0,        101,        101,        1,  1548288, d8d785cc51a64df28c1144b43b429808
0,        102,        102,        1,  1548288, 4bdbb2aa38dd4261d6c7d28036844869
0,        103,        103,        1,  1548288, 1954070e4f6d80d64c143f47eb1fcdfd
0,        104,        104,        1,  1548288, d6e099815e875adad53e2c02584c09c3
0,        105,        105,        1,  1548288, 48f058e2ad7cff6c3341e30e85f01dd7
0,        106,        106,        1,  1548288, 320cb902d70e0aff618941c231ce6e5c
0,        107,        107,        1,  1548288, cf65d65f2af40e76062612bded4b4bed
0,        108,        108,        1,  1548288, 26a46eba6ca5023ea20e588a1cdbc3e6
0,        109,        109,        1,  1548288, 9ee64da7188490018850f80fd16d13b2
0,        110,        110,        1,  1548288, 5b1c91a76a1630e067be21f7be0ab9b4
0,        111,        111,        1,  1548288, a711dc3f79205c923a6f39e6404072b6
0,        112,        112,        1,  1548288, 02c172b5c379d3a5977a2f0c9657efd3
0,        113,        113,        1,  1548288, 8a3a9c4d92e52b14c2d27ab50df50084
0,        114,        114,        1,  1548288, a0892c69336f2249f47d6656e3ae092f
0,        115,        115,        1,  1548288, 6839ba00861a8371bffb1d9a0a75c24a
0,        116,        116,        1,  1548288, f8cd34e08697f5e930a90be756b6f2cd
0,        117,        117,        1,  1548288, 56fb28ac2f8907b92c3c99454b43d97a
0,        118,        118,        1,  1548288, a097a9bef9ebb84ff326ad9014b2e11c
0,        119,        119,        1,  1548288, 489d33e474d4d94184cf9088bee73e17
0,        120,        120,        1,  1548288, 5c5fa4c1ec26db8722ca8b9dacfd7377
0,        121,        121,        1,  1548288, 4fe1db3bbd54604c10acdfe61b591b66
0,        122,        122,        1,  1548288, 147fb16048e03b8f442129dce69e0fd5
0,        123,        123,        1,  1548288, 8a64d3a778b490c8ad8ca4d443facdc6
