#format: frame checksums
#version: 2
#hash: MD5
#software: Lavf58.45.100
#tb 0: 1/24
#media_type 0: video
#codec_id 0: rawvideo
#dimensions 0: 1080x1920
#sar 0: 0/1
#stream#, dts,        pts, duration,     size, hash
0,          0,          0,        1,  3110400, ce7e66248b0dd3bbac34fd0f48ac838f
0,          1,          1,        1,  3110400, 29eb81a40010a98c92cfd4aaf0c3091f
0,          2,          2,        1,  3110400, 096e32d985ab2b5c365021c27f21bfc6
0,          3,          3,        1,  3110400, 2b40b9a853b8d632f0ebeac9cdb320e3
0,          4,          4,        1,  3110400, 6b97fe000d79ab3d0bd4025cf7886294
0,          5,          5,        1,  3110400, d296c3c923b456697d2e56a2c54c9d86
0,          6,          6,        1,  3110400, e4a3f4dfcfe88de5a88ea97dc9ac463a
0,          7,          7,        1,  3110400, deb61d30b2ae83a80ae88b0f9c858208
0,          8,          8,        1,  3110400, 4387f4f51dbd25aeb541859769eff6da
0,          9,          9,        1,  3110400, 294f4288d11a873cd01b23f105968924
0,         10,         10,        1,  3110400, 3be2dffe43a1dac4d073420db80b3d87
0,         11,         11,        1,  3110400, dcb75e6e9baff941c70db317cb4aabc0
0,         12,         12,        1,  3110400, 3a63c7750d3f2c6696ff72115b9be077
0,         13,         13,        1,  3110400, c46f9481f7f56b4295e5c2a128087358
0,         14,         14,        1,  3110400, 55a2ef1ff11eb0e3444cbffd36aaff57
0,         15,         15,        1,  3110400, 8dfe5b7317d6225b90ab739e9c6fc417
0,         16,         16,        1,  3110400, 27e8b9cb70899eba8f44201608f4a6f2
0,         17,         17,        1,  3110400, 9b9f6364cb8820f1bb700c2ec4862a9a
0,         18,         18,        1,  3110400, ac89cb6d8a6fad7e6d21d4f99a4b44bc
0,         19,         19,        1,  3110400, 237a55ad7efb1ab2673b1fba3544ec3d
0,         20,         20,        1,  3110400, f9bce52503f10fca3395678283186fbe
0,         21,         21,        1,  3110400, 448bb7e38179625d063f738bcb3e88bb
0,         22,         22,        1,  3110400, 111c9d467022802f98e697464e9ca3c0
0,         23,         23,        1,  3110400, d23a91c04e458dd513b600605cfedce0
0,         24,         24,        1,  3110400, a946975fae228176bff9fcfcaf118426
0,         25,         25,        1,  3110400, 8fa0815757bb33711a8a3bd43cab11be
0,         26,         26,        1,  3110400, 0f4906ab5c3fbc2d1cf8f0b820c021fa
0,         27,         27,        1,  3110400, f2f13974e904fd888ad7a5be43b9a99a
0,         28,         28,        1,  3110400, 0e88f95e804e871fc7033edb33887a58
0,         29,         29,        1,  3110400, 99361c653a4c9f859dc48e58b4afb346
0,         30,         30,        1,  3110400, d43bd4a691fa25dae6f6b1fee5873682
0,         31,         31,        1,  3110400, d384b0bf60ad056db4d2da7820267ed7
0,         32,         32,        1,  3110400, 2b9913b3ddb4f0ac59bc035bf30b230a
0,         33,         33,        1,  3110400, ae5713aceaf3d486c089df626b1fef07
0,         34,         34,        1,  3110400, b9bca2698e9a1642c0df0ed9658a1a8a
0,         35,         35,        1,  3110400, b5363bfe3df60c7e791bad578b09921d
0,         36,         36,        1,  3110400, 334698375030d9dad6dee114131acdd7
0,         37,         37,        1,  3110400, 0ab45eb6c921be54f323c31882a5d43b
0,         38,         38,        1,  3110400, dd50fd16e04dd41a2d69e4ddb00d1857
0,         39,         39,        1,  3110400, 8c82f7b0b0eb0559be3e0f1e229fbc13
0,         40,         40,        1,  3110400, 82f5172a8d0fedb3b31789b40006f44c
0,         41,         41,        1,  3110400, 2e71eb35c4a079ebafec627db4c30a50
0,         42,         42,        1,  3110400, 55c72c4baa822c59d4e0145c342a4282
0,         43,         43,        1,  3110400, f5b003e75fcba56af27a99b8793e429e
0,         44,         44,        1,  3110400, 769898a3a98f9089305b8169312af374
0,         45,         45,        1,  3110400, 0a4951dbf90874b32662a7cb6647ef24
0,         46,         46,        1,  3110400, 91c6a7e06b2c057a4f8e4e5b158ecab9
0,         47,         47,        1,  3110400, 689c8a331c095d5bb92cb6c05565337f
0,         48,         48,        1,  3110400, 8266bfe05fa9ef90d4e3d2fe6f72efb2
0,         49,         49,        1,  3110400, a5aeb67b602104ec08a99111e5761003
0,         50,         50,        1,  3110400, 75e7efb581fcb8cf8112508400e230a1
0,         51,         51,        1,  3110400, 45ae9680c70e4981d6230786973a93e7
0,         52,         52,        1,  3110400, 14f92c4a915c97c9e5006ac3b8faf36b
0,         53,         53,        1,  3110400, a48ddf4db47d4390f484a1604bbc0952
0,         54,         54,        1,  3110400, 4c0f47585cc7f68068d7120ad64a70ae
0,         55,         55,        1,  3110400, 822c9096fc3278936ff81dda3a86915b
0,         56,         56,        1,  3110400, 4ba087bdddfa3ceb6983476489974096
0,         57,         57,        1,  3110400, 32a6a49c4d374c5b736d534907b55f7b
0,         58,         58,        1,  3110400, 6e6d69838c0250169d261787df431fce
0,         59,         59,        1,  3110400, e6c663abd945af2027756a65d5c15d10
0,         60,         60,        1,  3110400, 8e510b845866b2d82ec5650f08c1dcb5
0,         61,         61,        1,  3110400, 10ad31a6c9503cfe76307e3a85ab856d
0,         62,         62,        1,  3110400, 13b37b469cf200ede3c3ea9c4a6cffec
0,         63,         63,        1,  3110400, ab812696d015f86e7408adce94150cff
0,         64,         64,        1,  3110400, 407eb06f21651d5f545f927e10e7939f
0,         65,         65,        1,  3110400, 3350cd49918a0e641bc878c416861837
0,         66,         66,        1,  3110400, 28bada9d720d8e3e00e8c5c13b37b6fb
0,         67,         67,        1,  3110400, a25dffb70f7e92dc6783e1b056b37a2d
0,         68,         68,        1,  3110400, 13ceca0e04f07de6ff7abc880ad384dc
0,         69,         69,        1,  3110400, e9a287038a849346cd03b799605b4852
0,         70,         70,        1,  3110400, 797e85ea4edf873701b1b6f026ef082d
0,         71,         71,        1,  3110400, 1b8e6aaf9b9d78c2e403997bbe605ce1
0,         72,         72,        1,  3110400, 7b9b3f0b0ef5119430a16c536e9752a1
0,         73,         73,        1,  3110400, 2f705c3f8c1520c30cd2a4b3b61f421d
0,         74,         74,        1,  3110400, 07ee9ff3712ad1e8c7e32ceba2615e97
0,         75,         75,        1,  3110400, 77fa470e87a5f7f3e5d8c029c49d8c29
0,         76,         76,        1,  3110400, ab5d06b9cb534ab9d06abc869e8f5a00
0,         77,         77,        1,  3110400, 5b50fe817edd85aeeaa92af0d54a7921
0,         78,         78,        1,  3110400, 2cabe944f6c8783da3d0507c88da2a45
0,         79,         79,        1,  3110400, b91b17d745d7668fd92ae46f5e19fce7
0,         80,         80,        1,  3110400, af7df7752e1df599cb25c77d1ffbb680
0,         81,         81,        1,  3110400, f3caa9673116dc0ea98782f7c5e0dcd0
0,         82,         82,        1,  3110400, aa8ab9e6f306cd5838030008a3648818
0,         83,         83,        1,  3110400, 3b2506f688d45bc92968f1d3dae389c2
0,         84,         84,        1,  3110400, 5374183775a300c4d3b66dded667d175
0,         85,         85,        1,  3110400, ec3aa120851b0008b715bfa7f5b85bf3
0,         86,         86,        1,  3110400, 20938b3463cae4c8f8b0cfeec2715a85
0,         87,         87,        1,  3110400, 9700c995a26ab8aa045778f0a850cc3d
0,         88,         88,        1,  3110400, 9f4c76d2da9460a08ed5e6783724d279
0,         89,         89,        1,  3110400, 9911d57dd8396aec5941af73890ae38a
0,         90,         90,        1,  3110400, 77b05e9f110e707437a414c86bb83c0c
0,         91,         91,        1,  3110400, b02f6bf948594db1ab0d95c22f4764b0
0,         92,         92,        1,  3110400, 9022ee9e11340024bc89d43ec97ef5c3
0,         93,         93,        1,  3110400, 4b987c33792ec03150662aecd1e836cd
0,         94,         94,        1,  3110400, 9e9389cd0a45f86465a49e263f192319
0,         95,         95,        1,  3110400, 295925618e68c3bf49e773b875fdb16c
0,         96,         96,        1,  3110400, e7b1f0d42d82ed53c60cda1d8cb74bbb
0,         97,         97,        1,  3110400, c400dff8cbacc77edf3f2d2cd0c28581
0,         98,         98,        1,  3110400, 736f487ddd3f5f1f986932fa2accb237
0,         99,         99,        1,  3110400, 95e65a4ba211c3ffa17031eb58cf20ee
0,        100,        100,        1,  3110400, cef9a03602a38bfdd55cbeeaefbf40d0
0,        101,        101,        1,  3110400, 879608c681f2dd5d7ed286617f48c632
0,        102,        102,        1,  3110400, 402252e21034851f77f0338515afc819
0,        103,        103,        1,  3110400, db34589c8bc747485edaa5fb3bbee059
0,        104,        104,        1,  3110400, 0bcb77fe1fe042b09d478857bcbf4ca3
0,        105,        105,        1,  3110400, 8e9897e2ea5b4c7da53898b9542e5b06
0,        106,        106,        1,  3110400, 467ff8e2795121f839d7d7fda3a442dd
0,        107,        107,        1,  3110400, cca5b54c72e9d845f3b69bae731a7a4c
0,        108,        108,        1,  3110400, 09fdfd23d025a1152095244442f810eb
0,        109,        109,        1,  3110400, 355c820cf50ca291afa9ec61df55b5d3
0,        110,        110,        1,  3110400, 75489dc34f7f967e3df965f681c62fcf
0,        111,        111,        1,  3110400, 18c7fe8ae7b52906d0c6fedf1e59d8ff
0,        112,        112,        1,  3110400, f082570d53a8381651279595e0b743a4
0,        113,        113,        1,  3110400, 230f3988a921f177b955fe1a2ccb9b70
0,        114,        114,        1,  3110400, 78728069aab21fc4135b08d6dfd5cf60
0,        115,        115,        1,  3110400, c32d4eafdf39b776ca5c394d689f520f
0,        116,        116,        1,  3110400, 719e41d52337b268e9642f044242aa79
0,        117,        117,        1,  3110400, 7e67d9a0f15bf9a71f4313a9ea37771f
0,        118,        118,        1,  3110400, 3d01254f64beb91b3946166bd4c9658f
0,        119,        119,        1,  3110400, 76554b2376e7a33342795425361d3357
0,        120,        120,        1,  3110400, 2cbef43b789d8f93c83f5ec3caed3f45
0,        121,        121,        1,  3110400, 781f6456fcdd7b55979ebc1b07fe9108
0,        122,        122,        1,  3110400, 3ae921e9bea06d7a37bced24d5a4eb33
0,        123,        123,        1,  3110400, d4fa49664f82d769d15e7543f81748b0
0,        124,        124,        1,  3110400, 6ec79d9ee1ea2adb831513a18561b04b
0,        125,        125,        1,  3110400, d88c592330e2631079af6f175d23b2c0
0,        126,        126,        1,  3110400, 295979b0329b5aa67ae08809c934619e
0,        127,        127,        1,  3110400, d77b44163ffaf2290280a270fa31b455
0,        128,        128,        1,  3110400, 0c0c387e8593678e2d77629572c7e417
0,        129,        129,        1,  3110400, 655153e09d59cccdd9f553d98c756e96
0,        130,        130,        1,  3110400, fff0098b1e6942341ae3a9685a9052a7
0,        131,        131,        1,  3110400, 55cb376a3e60912acaa8b0299fdac088
0,        132,        132,        1,  3110400, 5c3983b81066d4c467ab8be7598e677b
0,        133,        133,        1,  3110400, 2e0176ec4860c3dbe29bfe64fc2486a0
0,        134,        134,        1,  3110400, 812466dc7e5b77aba5b5be7ced81dd32
0,        135,        135,        1,  3110400, 4597b2dabcf8b814dae19e522c688e2f
0,        136,        136,        1,  3110400, 9a6c612a9991ffaf82f333c5e9ebd230
0,        137,        137,        1,  3110400, cddef2c3b861b60910afa02079f1279e
0,        138,        138,        1,  3110400, 0a85fff930527ffd5113bb4630ea9549
0,        139,        139,        1,  3110400, 6964b2fa8f47b8405b15b1f3235ce6fb
0,        140,        140,        1,  3110400, 85a371e79999d43539f35699cbe06c9b
0,        141,        141,        1,  3110400, 6b0874e7b3ca308f60e287f95f4c15cf
0,        142,        142,        1,  3110400, d21e2ff498a56f581b2a2e4109ec7b70
0,        143,        143,        1,  3110400, 199362b66e68d98a960d2494d43fad71
0,        144,        144,        1,  3110400, 7076efc05b384931bb7ba375477d2ad7
0,        145,        145,        1,  3110400, b31cd631849682856a812e2ac5328ff5
0,        146,        146,        1,  3110400, 9d6bae0755c9bae6f6e12d55a809fef5
0,        147,        147,        1,  3110400, 69f6e315bfdaf64904086d3f3e2aebf0
0,        148,        148,        1,  3110400, 681e17c82733aa462dad78fe895cd0e5
0,        149,        149,        1,  3110400, 5e0ecdaaf4e86ed51f25aa5a12d2aa91
0,        150,        150,        1,  3110400, 78ae945aadf776972107e516daec26bd
0,        151,        151,        1,  3110400, 0e433433cecd7737e2d4ab53f332904e
0,        152,        152,        1,  3110400, 687e75e6407f8ef0d5571fe8ca64b7f8
0,        153,        153,        1,  3110400, 150aa3c996d6391ce952ae58edbd11b2
0,        154,        154,        1,  3110400, de4b9b507e2e6458efd8f06af773b367
0,        155,        155,        1,  3110400, 5a11a1ac4959e672f23d68ceb7237615
0,        156,        156,        1,  3110400, c48178d6f1ce7b5bd589e088be8de1ab
0,        157,        157,        1,  3110400, 48080c0d99dbe4fb68f7981bd786742d
0,        158,        158,        1,  3110400, 4af550bac5591dbdc8dfee8396b55e7c
0,        159,        159,        1,  3110400, f51d693c98c212e2c842ae5e93a3cddf
0,        160,        160,        1,  3110400, f7dcda05383807523c0a08733919cf44
0,        161,        161,        1,  3110400, 15dda355729e61ca89a93ba044f317b9
0,        162,        162,        1,  3110400, 057e1cf5d9a2fecd30cff3fd165a388f
0,        163,        163,        1,  3110400, 65bae815e1cbd93e1707ba3c92cbb19c
0,        164,        164,        1,  3110400, e05a7bc53b32d4a4cb10b4a602784d02
0,        165,        165,        1,  3110400, 96fc1d82b86afa9e8d10dcc5802b652a
0,        166,        166,        1,  3110400, 52956fb06f1a300f126643b6b09f7139
0,        167,        167,        1,  3110400, c454d8fb7785618247dc78177cd029f3
0,        168,        168,        1,  3110400, 93dfd09f36d0cc103c278d3500ed292c
0,        169,        169,        1,  3110400, c454d8fb7785618247dc78177cd029f3
0,        170,        170,        1,  3110400, e3247736cf2562f80a6ce07be152d7e3
0,        171,        171,        1,  3110400, 8d6a5340a088acdaa93591fdcedc6b19
0,        172,        172,        1,  3110400, f436eb1d8fd7d06f3103d928c943da54
0,        173,        173,        1,  3110400, 8d6a5340a088acdaa93591fdcedc6b19
0,        174,        174,        1,  3110400, 0c84b038ef2c6f0a012546bbe0c015f8
0,        175,        175,        1,  3110400, 7b2d6d05aa5bbf23bff6e9a8734c8f5c
0,        176,        176,        1,  3110400, 5a29b10ea0af5f4b0d8272cb373571a0
0,        177,        177,        1,  3110400, 23deddb094d7b3dbe575a94778e59277
0,        178,        178,        1,  3110400, 7cedcc17e54fc2f1f34d0e739785e49a
0,        179,        179,        1,  3110400, ab276b4e353e1c37591589bb22c3fb60
0,        180,        180,        1,  3110400, 78f67420940e3514b239381d5f56a539
0,        181,        181,        1,  3110400, 65eeef42de372cc04173b5d12f1370fb
0,        182,        182,        1,  3110400, d91bf996590336e46b6e1ab21b42f1dd
0,        183,        183,        1,  3110400, 85a34aac07919008ab086e172e66d8a0
0,        184,        184,        1,  3110400, d961ad5fe143262bd5b52b840669f5b3
0,        185,        185,        1,  3110400, ab61675d4b0554b9f9990bc46f6fb660
0,        186,        186,        1,  3110400, 81053a3459929af9bfc743567a5c9ec5
0,        187,        187,        1,  3110400, 34a19336c3802dbb2ce2e955d48adad5
0,        188,        188,        1,  3110400, 7c133a4f2ce55c08b14f9ba1f3043893
0,        189,        189,        1,  3110400, 98dc7419ab8fab41b42390b7418a3082
0,        190,        190,        1,  3110400, 221f89d0f5e5816fa341799866c28e5c
0,        191,        191,        1,  3110400, 6e4aa22cee27ac82a705b710534580c9
0,        192,        192,        1,  3110400, 12d3a4772cac231b602d06b615aaf3c3
0,        193,        193,        1,  3110400, 85f29f76086e12721768087f271fc1a6
0,        194,        194,        1,  3110400, bbdf84f476cd38bbece836d9b8b3eca2
0,        195,        195,        1,  3110400, 872297ee9cddef35f3841ff3321c0353
0,        196,        196,        1,  3110400, fde24a4432f9a9d10f7699b80267643a
0,        197,        197,        1,  3110400, d9c7f44cdcbea878f3143933696978a1
0,        198,        198,        1,  3110400, 899d03dd3aeb0f8a195f24880f63e213
0,        199,        199,        1,  3110400, 11c44bb246e2bf41e968318571a487ef
0,        200,        200,        1,  3110400, 126de59c0e7ba774a22939fbc56e4070
0,        201,        201,        1,  3110400, 62dac33786493ddb032c904fa97893ac
0,        202,        202,        1,  3110400, ddcc29ba958b038c1e5d7d142224427f
0,        203,        203,        1,  3110400, 5c38338efa26bd66d5bc33f95979e1c3
0,        204,        204,        1,  3110400, fe33f6f0aa19904918b1e03e069561fd
0,        205,        205,        1,  3110400, 9ea1e1671b7b293e3a114650bdb2b675
0,        206,        206,        1,  3110400, 580ad10199d53c694fe3d872a6099a7e
0,        207,        207,        1,  3110400, 85d0c341d70c307f378fb458e644763b
0,        208,        208,        1,  3110400, 9333c6f3e716d7387b6f759c20a4188b
0,        209,        209,        1,  3110400, 85d0c341d70c307f378fb458e644763b
0,        210,        210,        1,  3110400, 780918cd7f0b39ee14f8cca0f05b8c0e
0,        211,        211,        1,  3110400, c64892a987cf4037ff0d4b784a9d26bc
0,        212,        212,        1,  3110400, cfa0bba45f249de84663a9c58128c3e9
0,        213,        213,        1,  3110400, c64892a987cf4037ff0d4b784a9d26bc
0,        214,        214,        1,  3110400, 7eddb7572e5a2227a27545228860bc94
0,        215,        215,        1,  3110400, 9ef05b5b775eb8c35e3d94508af10c74
0,        216,        216,        1,  3110400, 7a541544d57e9698642119804de6192f
0,        217,        217,        1,  3110400, 1f6deffd5e80db68db1ebc639986d307
0,        218,        218,        1,  3110400, d18c87bc83bb22815578fd4dd28d837b
0,        219,        219,        1,  3110400, 838811d5711a3e9ac703ef42125413ab
0,        220,        220,        1,  3110400, be1092f53d97e1d7fb9b8dc5841d2359
0,        221,        221,        1,  3110400, 78ed613122cd20e5c1f66a328870b67f
0,        222,        222,        1,  3110400, 139c038621b63962e067e490eaee12bf
0,        223,        223,        1,  3110400, 3f0b22607f72a8aacf62ed26477e94d9
0,        224,        224,        1,  3110400, 7bbec4eaf707b2ac63cb855433dc5f94
0,        225,        225,        1,  3110400, 158550f234dcd7cdf20e1358078e7c4f
0,        226,        226,        1,  3110400, e1545f137b5979e250f6809afc0407f8
0,        227,        227,        1,  3110400, 542f23bd76f5c14a65782e290549bc58
0,        228,        228,        1,  3110400, 5deb5d1b0a926ce68de3c42aaa6a0740
0,        229,        229,        1,  3110400, 08f5f923879a9e9b48490835c8d44fe5
0,        230,        230,        1,  3110400, aebcad2ab98d643d9dcf407c0a47e66f
0,        231,        231,        1,  3110400, 1e05ab30b890c5bb636cb9740eb392eb
0,        232,        232,        1,  3110400, b44b502cecbc6b33a22dc9dc170d63c3
0,        233,        233,        1,  3110400, b725f632b231c938919bbcab728e7ad0
0,        234,        234,        1,  3110400, 4f1d80e4f392d2129286fae2db4760a1
0,        235,        235,        1,  3110400, b6a4040aa51eff2ba0eab3e9f3f7619c
0,        236,        236,        1,  3110400, a447709713121f549b66a7ac6e4cca8b
0,        237,        237,        1,  3110400, a80c1697562dc23a69c5d33db7de448a
0,        238,        238,        1,  3110400, bb8ed1aaeeedb7ae0cc492baf5f06458
0,        239,        239,        1,  3110400, e459650ddc0d3eca7f91212143adcce7
0,        240,        240,        1,  3110400, dcf30e8661892e1395356de8b08a3ae2
0,        241,        241,        1,  3110400, 12a39c66ddc6f3a45e2b1c408b8ae92b
0,        242,        242,        1,  3110400, df39bf7965ff116405a288db4e981afc
0,        243,        243,        1,  3110400, 9cc04fc677de3bbb79afb775da85649a
0,        244,        244,        1,  3110400, 81e48235b8349519b7ebf0a6ef993840
0,        245,        245,        1,  3110400, 13d702452efbc6d8a8b455d22b165f43
0,        246,        246,        1,  3110400, 5e47e2e9d06cba563052b42584d08dd5
0,        247,        247,        1,  3110400, c94e125435a6bd6a17f67c5a462b16f4
0,        248,        248,        1,  3110400, 1ace97c066fff41f956188e38c665678
0,        249,        249,        1,  3110400, e64dc7f2de5469acc51d99b4aac73b18
0,        250,        250,        1,  3110400, 247251d57582e8d8d14d86cca8569e54
0,        251,        251,        1,  3110400, ac1f40c0313f68cd5040d0a3230a2389
0,        252,        252,        1,  3110400, fa387da01cbf648a2bda3855e451d641
0,        253,        253,        1,  3110400, 69050c9ad78077fee3b688d816b9eff8
0,        254,        254,        1,  3110400, e9e3e2dbae1a55be0ef6f2773bc22fad
0,        255,        255,        1,  3110400, c10d797829513561df4b459611b7ba11
0,        256,        256,        1,  3110400, 93caea45dcf034a0d9ddc2cb3dd62a81
0,        257,        257,        1,  3110400, 3d2d77766de57a854f33e3a183a22d75
0,        258,        258,        1,  3110400, 3ed59264a86faeb961e1521b70fc5db4
0,        259,        259,        1,  3110400, 430966c7896d4beae7b80ac9f410204a
0,        260,        260,        1,  3110400, 4fe5d071161769d6f2d2ce7395412fa4
0,        261,        261,        1,  3110400, e5873b15185a8717c8d155bb51097ac5
0,        262,        262,        1,  3110400, bf1f2115107a3eee24b35e2b8f2aaff4
0,        263,        263,        1,  3110400, 4d68a7546d514791b1592d0d99c55496
0,        264,        264,        1,  3110400, a09da926db9845dbcdbbb5143c73f9d6
0,        265,        265,        1,  3110400, dfbf1c64bc1211894d6376d15f6e86f5
0,        266,        266,        1,  3110400, fcb9690d9b97f2b6f3faa88c12cce479
0,        267,        267,        1,  3110400, 0ebfce5f889980a9957bb62e5ab7d363
0,        268,        268,        1,  3110400, ba5a0e1cda4bdc7c5ec33b248dc3d9f2
0,        269,        269,        1,  3110400, afb7bda84384df6d6962f92a098216b5
0,        270,        270,        1,  3110400, b3aa808f491266902532a5f451b753b1
0,        271,        271,        1,  3110400, 16b7ff59333807321b528c1aa3fa3a94
0,        272,        272,        1,  3110400, eca3c51de4c6578ed061a663f6489dec
0,        273,        273,        1,  3110400, bee86016aeba1fba78e8ad14642bef43
0,        274,        274,        1,  3110400, b2d9539a400bf015fd6b8ba160ce41a4
0,        275,        275,        1,  3110400, 4554099f48c18c410f9a995f72c66c86
0,        276,        276,        1,  3110400, ba81840a35716c6fe22e37de921e0e69
0,        277,        277,        1,  3110400, 37461b812a79715c90a4e06beb65132e
0,        278,        278,        1,  3110400, ce42ff2a8765c2a4479a5d4df16633a3
0,        279,        279,        1,  3110400, 977b9e50ec230d462de77b8b7c5f33d8
0,        280,        280,        1,  3110400, a597f8657bc768ebb65720852f5f496a
0,        281,        281,        1,  3110400, c532fdadd389a0f62251af800ead3eb5
0,        282,        282,        1,  3110400, 3ecbb5f441517bb33a40a7d8b4b5ea40
0,        283,        283,        1,  3110400, fbfeb3535ba479e462b28ac1580142ee
0,        284,        284,        1,  3110400, fe781c54dd0858ffcb4e4a6f73f2b946
0,        285,        285,        1,  3110400, a2cc9d3550750f5bece72fa7d1c6ca34
0,        286,        286,        1,  3110400, b0b04abbc12e6182da98e7a285f2ae59
0,        287,        287,        1,  3110400, cfc55355aeadbcadc803b73fd9b6e4af
0,        288,        288,        1,  3110400, 256a0e42af400e57384dbcd7127f83dd
0,        289,        289,        1,  3110400, 452516b2297c4082bda807d7fba3b602
0,        290,        290,        1,  3110400, b4dc401ffc0adb229fbb195176a0d6cd
0,        291,        291,        1,  3110400, c2ad6abbbd9e5a6386f15d785280659e
0,        292,        292,        1,  3110400, 67560bc98d6c63b02cf3cb49d5d0a0ee
0,        293,        293,        1,  3110400, 6b6e4342c5f6c011cf1563023284da96
0,        294,        294,        1,  3110400, c79c52cac3ed626187b5d82535c187cd
0,        295,        295,        1,  3110400, 2eba146721f705ac5e9e4c8c59b8fc76
0,        296,        296,        1,  3110400, a5a3b3974cdfe40e28dff4a07b97c839
0,        297,        297,        1,  3110400, 83e66ddd035c9fccf40340411121d8d8
0,        298,        298,        1,  3110400, 6445a49a7dbc867a06d83438455f2695
0,        299,        299,        1,  3110400, 0052336901dda377e09758883ba98997
0,        300,        300,        1,  3110400, 27bbd156f3c8f59d2e5ecc4926c2f98b
0,        301,        301,        1,  3110400, 2dd8ea2abd35ad2f2f5f4a102bd6f660
0,        302,        302,        1,  3110400, ad4e1d000e87fa5aa7802cd2a7bb10e4
0,        303,        303,        1,  3110400, f763183ac1121b6220bf386dc7ffd0af
0,        304,        304,        1,  3110400, ae70f30515de60952bdc5c20accd4a03
0,        305,        305,        1,  3110400, 73aa3986eb8f304cc9758ef461c64e84
0,        306,        306,        1,  3110400, 740151758cfe3857bd0edb2603fa902e
0,        307,        307,        1,  3110400, 09b0ad42d50fc4b64e6d6005a4142ccf
0,        308,        308,        1,  3110400, baadfd48bc82654da0359af0f49213f7
0,        309,        309,        1,  3110400, 8aa4d302d22091069ff437c4852d1140
0,        310,        310,        1,  3110400, b0297ff8b6946ba89cb8a68153707d94
0,        311,        311,        1,  3110400, 4d141425481d4b6030793b9f02f0588f
0,        312,        312,        1,  3110400, 851c00f02199532cc8dacbaed2c1e2d7
0,        313,        313,        1,  3110400, d500ee5cb562a8045f38a4e0ec56df5c
0,        314,        314,        1,  3110400, d7c20ba21be7a6c55c7a313ea8104a9c
0,        315,        315,        1,  3110400, d7bfff340d1a7ad9ece996efd16e206c
0,        316,        316,        1,  3110400, c2537caf048b64ed40eb1379694429d0
0,        317,        317,        1,  3110400, 04fd73468ced2b2ebd529b46aa8528a5
0,        318,        318,        1,  3110400, 33e196c6f755e448aa16c188d4dce74f
0,        319,        319,        1,  3110400, 975e2957101eb0baf756754718c1ff0b
0,        320,        320,        1,  3110400, 9d58628ee01c8720018f88d3357337b5
0,        321,        321,        1,  3110400, c6de1a0a1f796ef9159bbf248e2ec6a6
0,        322,        322,        1,  3110400, b3303f5f514fe586c190f6fb8cc9628c
0,        323,        323,        1,  3110400, 06765689343279a5536012f268a25b3d
0,        324,        324,        1,  3110400, 0ae9dba3155aafcb73b562165c930819
0,        325,        325,        1,  3110400, a1328bdd08bf6aa613dbcda920d79d48
0,        326,        326,        1,  3110400, dfc3c636d1afcd46c2e9b06d715aa17b
0,        327,        327,        1,  3110400, afe075719acfadd4f6170999da5e3578
0,        328,        328,        1,  3110400, 9967b0cd2429f1fc715ef7cd7666b0d6
0,        329,        329,        1,  3110400, 31bb92e8c310d4c00ff821365d6e6cdd
0,        330,        330,        1,  3110400, 214879723e7e569544f3f42ccf90e618
0,        331,        331,        1,  3110400, d030d95c33cf543b0d56de0416a543c8
0,        332,        332,        1,  3110400, 017e268647193f394a58a1626c8587ec
0,        333,        333,        1,  3110400, 20e3095ec7d7126a3a92f2cd3ff7d8d4
0,        334,        334,        1,  3110400, af1dd78c68fd5b69342a82e0762332fb
0,        335,        335,        1,  3110400, 214a8e5ea58c7c0d2210b1ce11c45683
0,        336,        336,        1,  3110400, 1bd87626bee321560e8d9e898130a22b
0,        337,        337,        1,  3110400, e351b858b0988dfab7111d82560e79c7
0,        338,        338,        1,  3110400, 9128573ea95f0f3f5ea91358ed057126
0,        339,        339,        1,  3110400, f0b85d9cbcb88d6cec9726bdf6632825
0,        340,        340,        1,  3110400, cb09a238e7f3c9f42c5b477507175c90
0,        341,        341,        1,  3110400, 61c8b2a9aef46838b6d545ba2ab832d2
0,        342,        342,        1,  3110400, 0c14aaf8b41ae808aa1c06970511d066
0,        343,        343,        1,  3110400, 0164effca5b5778b696ab60e0f949f30
0,        344,        344,        1,  3110400, 86602cd2e90d70f566a79f401a8ada8e
0,        345,        345,        1,  3110400, 45e35b70aabe7b386deaab5354cc3ba4
0,        346,        346,        1,  3110400, f96ad74e38ad4754255687874d03dccc
0,        347,        347,        1,  3110400, d1f208d7f4d044241fbde5f93587f12d
0,        348,        348,        1,  3110400, 2d54cdf1067e949bc2295c6362f531c0
0,        349,        349,        1,  3110400, b1a949ce7d49b41f97ca8b81cde35bf9
0,        350,        350,        1,  3110400, edbe4536e2e38ca6193596fc561fa3dd
0,        351,        351,        1,  3110400, bada0bb69306f4f5b9956e163093aac5
0,        352,        352,        1,  3110400, cd105795a74c2459129e6c20cb3da0da
0,        353,        353,        1,  3110400, 0d135c4cc35d09b80e5369550c8655f9
0,        354,        354,        1,  3110400, 7c1b8802af31aa1c131020ac4119ce71
0,        355,        355,        1,  3110400, 4d4259eb05d30835d72c783f4fde90fd
0,        356,        356,        1,  3110400, eca1e6b9bf392d46ccbe2476610c9922
0,        357,        357,        1,  3110400, b1260947c4da58e23ab57d00b8f1991f
0,        358,        358,        1,  3110400, 25cf5b78cd1a2fc0087aecfe7cde70f7
0,        359,        359,        1,  3110400, b9e021e98081a0adb26746049d86bdd8
0,        360,        360,        1,  3110400, def93068e94f073e416fe071596764b7
0,        361,        361,        1,  3110400, 3f3e6e6fe3f26fa9f9dc01f6293d8c27
0,        362,        362,        1,  3110400, 76352d7403021daa4267898fd4cabb6c
0,        363,        363,        1,  3110400, a518b5c980013c883dc7221a072d675d
0,        364,        364,        1,  3110400, 00c89ee34e64248fee051ad0df8dfe1c
0,        365,        365,        1,  3110400, 07f3e106557e957391cff164e0c140e6
0,        366,        366,        1,  3110400, b120adef5440bad5ec23a73b12caf22a
0,        367,        367,        1,  3110400, ff6030b221338f1d6e7273440676c78c
0,        368,        368,        1,  3110400, e0ecf76b42a671d65998ae0af35f2a8a
0,        369,        369,        1,  3110400, ff51bd32247fadb86b428ed43cd51b82
0,        370,        370,        1,  3110400, c844fe945f2a6503b9d2593a1731d8b0
0,        371,        371,        1,  3110400, 4f61e0c3250b6ca69072e4beefcdffe5
0,        372,        372,        1,  3110400, ea6ca6431929949f10526914098aeb5e
0,        373,        373,        1,  3110400, a563e88c7b6db1bbd2ad3890aa7c0ab7
0,        374,        374,        1,  3110400, d3922f454d4cf670144fdfba904fd248
0,        375,        375,        1,  3110400, df6340c3ac370659e1bb023e8855093f
0,        376,        376,        1,  3110400, a5e058462b702939cc4229bfbc00b97e
0,        377,        377,        1,  3110400, 5c9451d0583355c794ccd7f9024c7e33
0,        378,        378,        1,  3110400, 38f7d75b79b5943130ebe76fd5e876d8
0,        379,        379,        1,  3110400, f311f179870d37ac006c47fc4002e4a1
0,        380,        380,        1,  3110400, 7f4e5e08128983fa9e3ba00d57d16a87
0,        381,        381,        1,  3110400, 75782a3afbffc64d44ba1e2f515076fb
0,        382,        382,        1,  3110400, 8e4578dcb65e9039c7a1556d919dc02b
0,        383,        383,        1,  3110400, 5f1aac79265a6c7bffe0e749e5017487
0,        384,        384,        1,  3110400, 2efd22e9591848eecab5f14358977e8c
0,        385,        385,        1,  3110400, 2e6e7b39155c9768bb188b053816f087
0,        386,        386,        1,  3110400, bcf7fc493c95c5f9cec7197447e12dc1
0,        387,        387,        1,  3110400, d7781c5b7ac4f45afaf0bed056294ba6
0,        388,        388,        1,  3110400, 413e43015bb6d23f852983740b221734
0,        389,        389,        1,  3110400, 34cae8892caf333c6570114f68fc9ac8
0,        390,        390,        1,  3110400, 1c7a16c58899b47aa8811a31ff0d95f1
0,        391,        391,        1,  3110400, 269a7f4a48f9d148543f6a3d05159258
0,        392,        392,        1,  3110400, 16b0ec9bd54052ae6eee1defab4317a7
0,        393,        393,        1,  3110400, 1d6046df131a76af8267b6be1b425d3c
0,        394,        394,        1,  3110400, 70de7bd769fdaa7f73a6b9df687fb3e1
0,        395,        395,        1,  3110400, 4fc6efa247450a0bca289ca646bfdd0b
0,        396,        396,        1,  3110400, c367a108f3b5cfda14c11d761905e88d
0,        397,        397,        1,  3110400, 54fdd8c3880c095884713c9fe075fe55
0,        398,        398,        1,  3110400, fd83f799e591e9d7bb58faf4b40e2976
0,        399,        399,        1,  3110400, cfbc5611665677c0629da63a1b703fa8
0,        400,        400,        1,  3110400, e6c47cf41e4a7a8484f5cf692fdcea00
0,        401,        401,        1,  3110400, 16abd002ab31fac930a671cf1d8b9022
0,        402,        402,        1,  3110400, 6bf3c56aa1dbbb27c3b30ff8d1ab42f7
0,        403,        403,        1,  3110400, 40a00894e21c309bc3ff20f74ec6ea83
0,        404,        404,        1,  3110400, 3b83741be5643c2cf3ec8e20c9fdb683
0,        405,        405,        1,  3110400, fed4ca1011741b6749e40296bc7c8986
0,        406,        406,        1,  3110400, 4310613d04328f84d43be8f733108f15
0,        407,        407,        1,  3110400, 63ca95d05a8245ff7eb3f43ccccd6bec
0,        408,        408,        1,  3110400, 2dcd8ecca8752895349e574f753e3eb1
0,        409,        409,        1,  3110400, 8fb7c3ae2219bff6c2f02b4b3c64421a
0,        410,        410,        1,  3110400, 4ec007355ce57f4c23b72c13a57d8765
0,        411,        411,        1,  3110400, 7fb8ba55087b5adfab24d558fe905128
0,        412,        412,        1,  3110400, d6591a57d0fbe280171ed2e000ada306
0,        413,        413,        1,  3110400, 7fe68cd424d95fdef7d245a79ce7b6dd
0,        414,        414,        1,  3110400, 2da5f215b65293376719275468fea1cf
0,        415,        415,        1,  3110400, d010cd4f715bf64061e1a896316be472
0,        416,        416,        1,  3110400, bb7cab6d25d8c44f080178132f8f1919
0,        417,        417,        1,  3110400, 1a85528a55c3ff55c4558d71b42326c3
0,        418,        418,        1,  3110400, 56928c207c46288e159de6b0a223852f
0,        419,        419,        1,  3110400, 75a8fc1ac4d14a1d2285804f69f60f1c
0,        420,        420,        1,  3110400, f057348fe64cbb5ec44e67708ecbaa93
0,        421,        421,        1,  3110400, 0d63f2bc32a811f5c2e4cc1fbd952b6c
0,        422,        422,        1,  3110400, 40e904c95deaf289190d28332a71d983
0,        423,        423,        1,  3110400, f1358bbf3d8901d2becf43ebe98f8102
0,        424,        424,        1,  3110400, d2496f3a7d820a693b4ea135dd96187c
0,        425,        425,        1,  3110400, 54b2df6f06736b95d888b929581436ae
0,        426,        426,        1,  3110400, e191cdaa5eb270071c7554c30537162d
0,        427,        427,        1,  3110400, 18fc7a6211182f521ed40672647ceb04
0,        428,        428,        1,  3110400, 8a09ed78fd61edc26b1d1d16a7d0cae7
0,        429,        429,        1,  3110400, 68cd4c0d5b0180caf3626425a6fe7ab5
0,        430,        430,        1,  3110400, 26344b3d2c229a99e78e16b860218fe9
0,        431,        431,        1,  3110400, 1156fdbe53d782f12aa0d8a249a47392
0,        432,        432,        1,  3110400, 8ea0e9e7b2f7e43bfa0342daab8eeaf1
0,        433,        433,        1,  3110400, 40022881ae3142cb42675380ed0dfa05
0,        434,        434,        1,  3110400, 685f17198d048caef46e18a1162a478b
0,        435,        435,        1,  3110400, 090e870367b8d97fc8ada25f4d947b6e
0,        436,        436,        1,  3110400, 34356fed6be0c78083c7cb00bdca0c9d
0,        437,        437,        1,  3110400, 1dd60e250efabb516db3d692bce1f962
0,        438,        438,        1,  3110400, 7188fdf095c3d2b8caad2397843dd095
0,        439,        439,        1,  3110400, 92ab7f2772ff89cde21ebc639cbd9d12
0,        440,        440,        1,  3110400, 9f9f4e7912f428604d899d3409c8d31b
0,        441,        441,        1,  3110400, 5eb865c06eff682f97cf4710bac3ad83
0,        442,        442,        1,  3110400, 2270ec143175e9fea71122d51f65317a
0,        443,        443,        1,  3110400, 5c7cd9fb08f284a1104e23330e9b2940
0,        444,        444,        1,  3110400, 8c5fb9f9f7b248dc9c4784d46d68dbc6
0,        445,        445,        1,  3110400, 5dfb3d28486843c3a9ee5cdfd3882023
0,        446,        446,        1,  3110400, b45e3df0f3504dbcaf8fb2d6f5e2e97b
0,        447,        447,        1,  3110400, dcdc91d7e810642bf8ac915681d39289
0,        448,        448,        1,  3110400, c588ce8258caafca63041b9b5d41de82
0,        449,        449,        1,  3110400, c6668cf3d3c5f4538dfc4ad76c421173
0,        450,        450,        1,  3110400, f10d4ec495b219a9c8880519e4a52f93
0,        451,        451,        1,  3110400, cc7374dac43eee83a7d91edcacd6c578
0,        452,        452,        1,  3110400, da6d6face4fb2b2f280f1bcb18f23f6f
0,        453,        453,        1,  3110400, b64597884e3862c7ca8beef1ffe8d219
0,        454,        454,        1,  3110400, 932c13b0cbecc33e945109e25bf202ef
0,        455,        455,        1,  3110400, 17d0b8d634b56a324ebb235304a77dba
0,        456,        456,        1,  3110400, 5fab3bdcbff7d00799f74df28f9a8780
0,        457,        457,        1,  3110400, dda60d54527be6364030009bc35ea86c
0,        458,        458,        1,  3110400, 5c2de873a5008b8861624274b007c7c3
0,        459,        459,        1,  3110400, 44471ada25095b5233d4fb4111b98a88
0,        460,        460,        1,  3110400, b85d9b6751ed10d3a0550f9598fb34a1
0,        461,        461,        1,  3110400, a48afb611ba4fd720b1fafce0462dec5
0,        462,        462,        1,  3110400, 32d7d15584aa0c7dbf7c90fb843e4c68
0,        463,        463,        1,  3110400, a9d357b51703d9d27f28ae70540d3405
0,        464,        464,        1,  3110400, b5dc9787aca121a904f97227b0f3293c
0,        465,        465,        1,  3110400, 94880543aadc4038f786f3516891e472
0,        466,        466,        1,  3110400, 5ec4b74b91604436350e9e401e5d555a
0,        467,        467,        1,  3110400, bb348e5ffd0208bb936de15d0c8f1e06
0,        468,        468,        1,  3110400, 4a47ee32d6e17c6bc8bdf301dbfe7185
0,        469,        469,        1,  3110400, de6c50a84d8f3663bed42cc8e2aebcce
0,        470,        470,        1,  3110400, f21d722a2c77699995700e9bc2c9097f
0,        471,        471,        1,  3110400, f078b9f63dc6e7f52face3e32dd3d228
0,        472,        472,        1,  3110400, 9aaf2798677598c6e8058f73dd1157b6
0,        473,        473,        1,  3110400, 5721f389c76e22f4eace72b416396168
0,        474,        474,        1,  3110400, 434b0e42279b83c79a7f59f3d0f0e467
0,        475,        475,        1,  3110400, 378ce2c8abb0eabcf049d9d6d6c0def6
0,        476,        476,        1,  3110400, 6de92fc43e039cf29124e2b2af4173be
0,        477,        477,        1,  3110400, 53bcd424579060c1578dcdb83fe1082e
0,        478,        478,        1,  3110400, 9f705bba84e5a63e45cdfbda8dd60a44
0,        479,        479,        1,  3110400, 20b5a8c5e019f2399741f56cb2f1973c
0,        480,        480,        1,  3110400, 2af28d6cbd90faa2990a1c054e8dbd7f
0,        481,        481,        1,  3110400, d5c8617bf6c3e52d2d1959c05dfe037f
0,        482,        482,        1,  3110400, 8eb5a5341187f0a2aecefd033e1b823b
0,        483,        483,        1,  3110400, a1b49d816261d759041422d63206259b
0,        484,        484,        1,  3110400, 59f25e69e52d1ce10b74b53291db3a3f
0,        485,        485,        1,  3110400, b667cb6c481dc908867fe0d6f1e78709
0,        486,        486,        1,  3110400, 9aec98b36f9476a10af3aa673cec7c35
0,        487,        487,        1,  3110400, 6bb01394d456da0910640209dbea2fec
0,        488,        488,        1,  3110400, 7bc824a0494f5ba1614bca62a880efa2
0,        489,        489,        1,  3110400, 72df20a86401c0324bdb712e6413a693
0,        490,        490,        1,  3110400, 1b2d17b3b09004f895590aff44e6c74a
0,        491,        491,        1,  3110400, 52bdb51fe3035cbbfe4e99c46556a862
0,        492,        492,        1,  3110400, 20093134e9f78f78783faa2fc068e53e
0,        493,        493,        1,  3110400, 1662f73a0988258452da252b88082a88
0,        494,        494,        1,  3110400, af5ecbbad47eedd7b2b3eb3c55a60a81
0,        495,        495,        1,  3110400, 76718fc2c9ddcd01ccd79a726527d1a7
0,        496,        496,        1,  3110400, 3b3439508a5760ea0d8c91587f7fe8f4
0,        497,        497,        1,  3110400, 80365fae5aa007b61741bfcb31adfb7d
0,        498,        498,        1,  3110400, b31ffd2e292d0ddece177b7dc10f8404
0,        499,        499,        1,  3110400, d47447e9acccf450cdcc5d1ac279db03
0,        500,        500,        1,  3110400, 764be0f74e1a5e1660e7a1fb4397cc77
0,        501,        501,        1,  3110400, cdea144b1fe58af001d8e82f665d9e6a
0,        502,        502,        1,  3110400, 96fa071dcb2c325bccbee14c3e2470e2
0,        503,        503,        1,  3110400, da733144a35bbf79a5f0c04ff42154dc
0,        504,        504,        1,  3110400, d5f0c8ef89d8a2ea6a0560a6233e0023
0,        505,        505,        1,  3110400, 451f42c62a1aa6d28088dee0829f8502
0,        506,        506,        1,  3110400, e3715854301d3427ea252c6d56cbef7d
0,        507,        507,        1,  3110400, ab19b3e4becd9e58bf2a98166ad04c24
0,        508,        508,        1,  3110400, 970fb1c6d332835bc5869f0d25e150a3
0,        509,        509,        1,  3110400, fe5a918d62f72e72721efa225192a430
0,        510,        510,        1,  3110400, f521bc17c13ea0681520dcb1b79c65cf
0,        511,        511,        1,  3110400, 867c48cf0f4d6851e7b7e27a94d9622c
0,        512,        512,        1,  3110400, fc5ecc5a40d88a9e5222b89fe73b0f8d
0,        513,        513,        1,  3110400, af3bfb994f3f6231160990c6098a330e
0,        514,        514,        1,  3110400, d68482ca6b02b400f74d5c06e7ddfaab
0,        515,        515,        1,  3110400, dd28af49ad5dcceb479148e747f71286
0,        516,        516,        1,  3110400, fd6a5b7129d6b9ceb2e8562a1cd0de76
0,        517,        517,        1,  3110400, dc76bc7a30c36dd718ee6b387e9c1260
0,        518,        518,        1,  3110400, f84244865eee1c7c3df194b83bd0dd2f
0,        519,        519,        1,  3110400, 04253644cf4c74e09dca09e627b9eb86
0,        520,        520,        1,  3110400, 28179d07dbbe54adbadc4ddb9f8d7b17
0,        521,        521,        1,  3110400, 1376014f5908cd477d494522b959dcca
0,        522,        522,        1,  3110400, 30a8c38579232b22b528104007f8e98b
0,        523,        523,        1,  3110400, 216f91f4a187c1ee6ab2769e79c7f9bd
0,        524,        524,        1,  3110400, fbbda5b0a448a4f838b68dbb796a8b5c
0,        525,        525,        1,  3110400, 75ebfdcdd575d385c5d79a81caad0ce9
0,        526,        526,        1,  3110400, abf4cac75e3cf1dfe74ee0c6020359b2
0,        527,        527,        1,  3110400, e2a2e2d38050da6588d1b70b2760182e
0,        528,        528,        1,  3110400, 05fdaef6c3cdb0423be2f3e0862460f4
0,        529,        529,        1,  3110400, 1596f81bd2d7e40a7bf0432d6d6e7eed
0,        530,        530,        1,  3110400, 5c22daa62d56f07c6ffa3363bea94b22
0,        531,        531,        1,  3110400, 43ba8949ad7fc0b8765eb71d8d5e424a
0,        532,        532,        1,  3110400, ab2f2355abc265b119ffef80de9a1a70
0,        533,        533,        1,  3110400, b801132644a6f52b3880020a5814098d
0,        534,        534,        1,  3110400, 69d39f1d4b115e5634b0c7c429cdbb14
0,        535,        535,        1,  3110400, 102941480a4a525d2e7ac1d776d20213
0,        536,        536,        1,  3110400, 5df0fec9dd4d0e15c3dd982889dd9515
0,        537,        537,        1,  3110400, 0e59aa57dc33f71a440d830c62c1a59c
0,        538,        538,        1,  3110400, b4a6dbe3d5730e55d971da17932454c0
0,        539,        539,        1,  3110400, 743ce6284f51cae6e666b7b424acf2a1
0,        540,        540,        1,  3110400, 9690d543b0a466fc6139e966ca237e4a
0,        541,        541,        1,  3110400, 207ee59d269b825edb827ce6d4828e7a
0,        542,        542,        1,  3110400, de91a374d92bda6bfe16b51cc4d075e5
0,        543,        543,        1,  3110400, 2b1e6d01b3ee02572e5eec312bf82e00
0,        544,        544,        1,  3110400, 39ec51598a34603e786e1758071c0888
0,        545,        545,        1,  3110400, 53b4d846be4632b164b939f1eb70c3ff
0,        546,        546,        1,  3110400, 36989d460c2cb3662a751f09e2f3f91b
0,        547,        547,        1,  3110400, 55f7cbe57e35e0724b03d789d3e34912
0,        548,        548,        1,  3110400, c91040ec7a9e5e51e446e8f6afd222d7
0,        549,        549,        1,  3110400, d477160d30b96cde4405799a53967703
0,        550,        550,        1,  3110400, cb26537af19a07060b99c2da9e243633
0,        551,        551,        1,  3110400, 5ad8ca9f63da32eb735835945adb5e41
0,        552,        552,        1,  3110400, b1331777c7a038abdc13fb4c63cd6c65
0,        553,        553,        1,  3110400, d446e77bd008689d9eb9756c0b2f6d18
0,        554,        554,        1,  3110400, 39930cb0f8d09f261526192efc713c33
0,        555,        555,        1,  3110400, 81d94e5f468c3b1ddbbed9f8de4edc38
0,        556,        556,        1,  3110400, 69fb604073e3a48c6babb3080042cea2
0,        557,        557,        1,  3110400, 34e8a477dc191690f35d58430b98019d
0,        558,        558,        1,  3110400, 0ec00fdb2d56f8459340caf9d0124d16
0,        559,        559,        1,  3110400, 34e8a477dc191690f35d58430b98019d
0,        560,        560,        1,  3110400, ee784e42221297d9566321728d77ffe9
0,        561,        561,        1,  3110400, 5027ac20df5a3fca7388d057f34124e7
0,        562,        562,        1,  3110400, 1a360e540a1f77d5a2614d98f1bb89ff
0,        563,        563,        1,  3110400, 5027ac20df5a3fca7388d057f34124e7
0,        564,        564,        1,  3110400, 50680c740814471365b06532b31ad14f
0,        565,        565,        1,  3110400, 79ef5697a98936f0d6a1e52f65e8d91f
0,        566,        566,        1,  3110400, 2f49be43636199b09dc3508c2f6aabd6
0,        567,        567,        1,  3110400, 79ef5697a98936f0d6a1e52f65e8d91f
0,        568,        568,        1,  3110400, 63fa5b0b5a60363d266a2d295d3bc51a
0,        569,        569,        1,  3110400, 79ef5697a98936f0d6a1e52f65e8d91f
0,        570,        570,        1,  3110400, 2f49be43636199b09dc3508c2f6aabd6
0,        571,        571,        1,  3110400, 79ef5697a98936f0d6a1e52f65e8d91f
0,        572,        572,        1,  3110400, b5b410b1f51dbe499b8684a4a0f960a2
0,        573,        573,        1,  3110400, 4c389e1de247f18abeaba66542539d55
0,        574,        574,        1,  3110400, aa7fd73dab8ec33a18501a49da25831a
0,        575,        575,        1,  3110400, e9a9d84a11fef5aa0c54c636413ed05b
0,        576,        576,        1,  3110400, 1870440199176b2f00c0603a8eedbeec
0,        577,        577,        1,  3110400, e9a9d84a11fef5aa0c54c636413ed05b
0,        578,        578,        1,  3110400, aa7fd73dab8ec33a18501a49da25831a
0,        579,        579,        1,  3110400, 4c389e1de247f18abeaba66542539d55
0,        580,        580,        1,  3110400, b5b410b1f51dbe499b8684a4a0f960a2
0,        581,        581,        1,  3110400, 62788ef1b1473d537e9d20a22760dba3
0,        582,        582,        1,  3110400, a43b6c09e8a9aa0d8fe2829a56712fc5
0,        583,        583,        1,  3110400, 62788ef1b1473d537e9d20a22760dba3
0,        584,        584,        1,  3110400, 885d59d80d8f7428af0398e602279371
0,        585,        585,        1,  3110400, 62788ef1b1473d537e9d20a22760dba3
0,        586,        586,        1,  3110400, a43b6c09e8a9aa0d8fe2829a56712fc5
0,        587,        587,        1,  3110400, 62788ef1b1473d537e9d20a22760dba3
0,        588,        588,        1,  3110400, b5b410b1f51dbe499b8684a4a0f960a2
0,        589,        589,        1,  3110400, 1a4e2d0b05aebfc8bb13d946f93b4e85
0,        590,        590,        1,  3110400, 693a5a9c15dcfadc0c6a2f6d1932dbc4
0,        591,        591,        1,  3110400, 1ec4c5ea823b88e6219aea9cb4d1c2de
0,        592,        592,        1,  3110400, 8c11a5a322939500bb7bafcd9f0a7d22
0,        593,        593,        1,  3110400, 6315247fd68056f148d2a92eb31afd57
0,        594,        594,        1,  3110400, bf557c0c2e37dbbed751b12a5d6ae184
0,        595,        595,        1,  3110400, 183673c31cc6c8f2af647e2907324a4e
0,        596,        596,        1,  3110400, bf7a2e73f22d403cbecb4ac0fa73cd54
0,        597,        597,        1,  3110400, d23408beff093a80c6b73b1507b0dbde
0,        598,        598,        1,  3110400, 4042eaa5dda4ee5eaf114a265ab6277b
0,        599,        599,        1,  3110400, d23408beff093a80c6b73b1507b0dbde
0,        600,        600,        1,  3110400, 8159b539c72389502858161b6f130ca6
0,        601,        601,        1,  3110400, cd44896af746edb3cbeed5e757d34797
0,        602,        602,        1,  3110400, 62820587025df70322f6423e2266b476
0,        603,        603,        1,  3110400, cd9fa2dc8e3670fb76dc50cdd94d7e17
0,        604,        604,        1,  3110400, dd31ec4a8ea5a9771de75d27d9a397bf
0,        605,        605,        1,  3110400, c0cd1a2c9d92427d7b4c4299f1cf7ebe
0,        606,        606,        1,  3110400, 50d229358a5940d7926e5e20a931d2a1
0,        607,        607,        1,  3110400, de72ca8470d02dc4cde25cf5ff18f36d
0,        608,        608,        1,  3110400, b07b932f5cb651616160a120120a6db6
0,        609,        609,        1,  3110400, fb835a993c8821161ab3e2ff210a2772
0,        610,        610,        1,  3110400, 0927f03ec4e1b9db2c6f685291720a7b
0,        611,        611,        1,  3110400, fb835a993c8821161ab3e2ff210a2772
0,        612,        612,        1,  3110400, 73984e5938a397980bb41143a4ac3187
0,        613,        613,        1,  3110400, 13cf53b0c73389d1baaa948a9c3dfe98
0,        614,        614,        1,  3110400, e64a590bf5609581aa701d3c8a752048
0,        615,        615,        1,  3110400, 054c2d19381ecb3c58bc74ecddea865e
0,        616,        616,        1,  3110400, b009cdd40a425b31571eff6a0afba1f2
0,        617,        617,        1,  3110400, 68fda027de8a79425a57424a06fb255f
0,        618,        618,        1,  3110400, a7ca50fc80e60bdf5db6253bff31ca18
0,        619,        619,        1,  3110400, 68fda027de8a79425a57424a06fb255f
0,        620,        620,        1,  3110400, 35d293f49fa815cbe77b217c90473926
0,        621,        621,        1,  3110400, 7dc762dbd35525e1efdd05988d0964b1
0,        622,        622,        1,  3110400, 0fca9cc32aba9bad92dd9554b84f6105
0,        623,        623,        1,  3110400, 7dc762dbd35525e1efdd05988d0964b1
0,        624,        624,        1,  3110400, bbfa4208f24eed5967132c742ebb9ff3
0,        625,        625,        1,  3110400, 5e7dddeaea808097b08113497b89b4a8
0,        626,        626,        1,  3110400, 9eb323c171504bfe60217614683ecd94
0,        627,        627,        1,  3110400, bbfa4208f24eed5967132c742ebb9ff3
0,        628,        628,        1,  3110400, 1980bdb192a313d942e22fdaf25a0dfe
0,        629,        629,        1,  3110400, 451b1440f0c64db76e401f7edd7d1332
0,        630,        630,        1,  3110400, 2619d41d443a2edde9735feb14c75c11
0,        631,        631,        1,  3110400, d385b806f211ddfc232f0380b0297f85
0,        632,        632,        1,  3110400, 3371fe49a361b027496640a6bd12b527
0,        633,        633,        1,  3110400, 9d4b9d4387800a897b4d851c6387cf63
0,        634,        634,        1,  3110400, a7d321cb25c361b0ed69b5b069e373fa
0,        635,        635,        1,  3110400, d36b9f15bc32693167130f394f815709
0,        636,        636,        1,  3110400, a3be04b5d5273685df84e7a64b91f8b3
0,        637,        637,        1,  3110400, 4178d0685e7c8b84303a938ae3d75dfd
0,        638,        638,        1,  3110400, 6eae77d7e99ad238bc9cb85da57809df
0,        639,        639,        1,  3110400, 1b35fe3a161ae8df644443c0fcc8e51b
0,        640,        640,        1,  3110400, 40ab96570e16c4d95ca6b0c358ed0bc2
0,        641,        641,        1,  3110400, 96295eb714809b9f62076952a21cbe3c
0,        642,        642,        1,  3110400, 1cef949cfb14dcaaeaf0c1b8a28950f7
0,        643,        643,        1,  3110400, 37fa562f15845f8fc187da2f93d6fd07
0,        644,        644,        1,  3110400, a82b2b1363640843e8b7bc477494cf2b
0,        645,        645,        1,  3110400, f666aab3a379e7fc10b1a62b64339f4e
0,        646,        646,        1,  3110400, 248a6f796744b7e9ae80c4da77899e36
0,        647,        647,        1,  3110400, f0b1af134be364a0d4192d7193c8b694
0,        648,        648,        1,  3110400, 96b741bb58f4d249061302dc2c56ecaf
0,        649,        649,        1,  3110400, f732feb709c4a94605f80a757c699e87
0,        650,        650,        1,  3110400, 1cdede52e7bb2bcd65212a59e098bc8a
0,        651,        651,        1,  3110400, 16621b1d4b6840575313ba60894b41e4
0,        652,        652,        1,  3110400, 6e9d79d6ff9888c561f144a7970eddef
0,        653,        653,        1,  3110400, 46fc182b692e5044f9dea78183a774af
0,        654,        654,        1,  3110400, 26110247edc31ce1f2b67aada257d815
0,        655,        655,        1,  3110400, bc201604aeb8c87d5b346fcf797f9829
0,        656,        656,        1,  3110400, dca2788efa129d466b2cd8db866d657c
0,        657,        657,        1,  3110400, ceacba09d6d02118543eb0f49b84c7bd
0,        658,        658,        1,  3110400, 9cf2efeb47e6f81822342808504e75a4
0,        659,        659,        1,  3110400, 82971e3fb1ae705f0bc63f9f74e65942
0,        660,        660,        1,  3110400, 4ccfc7730434df9cecc63c054a33f97a
0,        661,        661,        1,  3110400, 5a5dfd7be2ffb48ae828251097ade00f
0,        662,        662,        1,  3110400, 3f3b5f3a83ff70912606a54b6bdb430e
0,        663,        663,        1,  3110400, 29e5b4c8234d6a96e1ce33d3fe0abc0e
0,        664,        664,        1,  3110400, 4a5e79ee383262b545841955fac43e8f
0,        665,        665,        1,  3110400, 116b74d8d2b0c62c135f7eb3dedc0d2a
0,        666,        666,        1,  3110400, 4cd42fbe400ec9a6d20cac2416e49de0
0,        667,        667,        1,  3110400, daf91fe8a0092c821eab0def8cc64030
0,        668,        668,        1,  3110400, 15fa1b30e40ebe87f667b54357e5c45c
0,        669,        669,        1,  3110400, a69893e43b960b28829f9cd559cc5b6f
0,        670,        670,        1,  3110400, dac661323b86d57ccb812d39f3124a68
0,        671,        671,        1,  3110400, 74cf368c67c4d1d250a52e6cf1f49849
